
CASCADE Topology V1, (c) Matra-Datavision
Locations 100
1
1.000000000000000 0.000000000000000 0.000000000000000 0.000000000000000 
0.000000000000000 1.000000000000000 0.000000000000000 0.000000000000000 
0.000000000000000 0.000000000000000 1.000000000000000 0.000000000000000 
1
1.000000000000000 0.000000000000000 0.000000000000000 0.000000000000000 
0.000000000000000 1.000000000000000 0.000000000000000 0.000000000000000 
0.000000000000000 0.000000000000000 1.000000000000000 0.000000000000000 
1
1.000000000000000 0.000000000000000 0.000000000000000 0.000000000000000 
0.000000000000000 1.000000000000000 0.000000000000000 0.000000000000000 
0.000000000000000 0.000000000000000 1.000000000000000 0.000000000000000 
1
1.000000000000000 0.000000000000000 0.000000000000000 0.000000000000000 
0.000000000000000 1.000000000000000 0.000000000000000 0.000000000000000 
0.000000000000000 0.000000000000000 1.000000000000000 0.000000000000000 
2  2 1 3 1 4 1 0
1
1.000000000000000 0.000000000000000 0.000000000000000 0.000000000000000 
0.000000000000000 1.000000000000000 0.000000000000000 0.000000000000000 
0.000000000000000 0.000000000000000 1.000000000000000 0.000000000000000 
1
1.000000000000000 0.000000000000000 0.000000000000000 0.000000000000000 
0.000000000000000 1.000000000000000 0.000000000000000 0.000000000000000 
0.000000000000000 0.000000000000000 1.000000000000000 0.000000000000000 
1
1.000000000000000 0.000000000000000 0.000000000000000 0.000000000000000 
0.000000000000000 1.000000000000000 0.000000000000000 0.000000000000000 
0.000000000000000 0.000000000000000 1.000000000000000 0.000000000000000 
2  6 1 7 1 8 1 0
2  3 -1 2 -1 0
2  6 1 7 1 8 1 2 1 3 1 0
2  2 -1 0
1
1.000000000000000 0.000000000000000 0.000000000000000 0.000000000000000 
0.000000000000000 1.000000000000000 0.000000000000000 0.000000000000000 
0.000000000000000 0.000000000000000 1.000000000000000 0.000000000000000 
2  13 1 6 1 7 1 8 1 2 1 0
2  13 -1 0
1
1.000000000000000 0.000000000000000 0.000000000000000 0.000000000000000 
0.000000000000000 1.000000000000000 0.000000000000000 0.000000000000000 
0.000000000000000 0.000000000000000 1.000000000000000 80.000000000000000 
2  16 -1 13 -1 0
2  2 -1 8 -1 7 -1 6 -1 13 -1 0
2  6 1 7 1 8 1 2 1 0
2  13 1 16 1 6 1 7 1 8 1 2 1 0
2  2 -1 8 -1 7 -1 6 -1 16 -1 13 -1 0
1
1.000000000000000 0.000000000000000 0.000000000000000 0.000000000000000 
0.000000000000000 1.000000000000000 0.000000000000000 0.000000000000000 
0.000000000000000 0.000000000000000 1.000000000000000 0.000000000000000 
2  22 1 2 1 3 1 0
2  7 1 8 1 2 1 3 1 4 1 0
2  2 -1 8 -1 7 -1 0
1
1.000000000000000 0.000000000000000 0.000000000000000 4.000000000000000 
0.000000000000000 1.000000000000000 0.000000000000000 -6.928203230275510 
0.000000000000000 0.000000000000000 1.000000000000000 -0.000000000000001 
1
1.000000000000000 0.000000000000000 0.000000000000000 0.000000000000000 
0.000000000000000 1.000000000000000 0.000000000000000 0.000000000000000 
0.000000000000000 0.000000000000000 1.000000000000000 0.000000000000000 
2  26 1 27 1 6 -1 13 -1 0
2  27 1 7 1 8 1 2 1 0
2  6 1 27 -1 0
2  27 -1 0
2  6 -1 13 -1 0
2  3 1 4 1 0
2  16 1 6 1 7 1 8 1 2 1 0
2  6 1 7 1 8 1 2 1 3 1 4 1 0
2  13 1 16 1 0
2  16 1 6 1 0
2  26 1 27 1 6 -1 16 -1 13 -1 0
2  16 1 6 1 27 -1 0
2  6 -1 16 -1 13 -1 0
2  22 1 2 1 3 1 4 1 0
2  3 -1 2 -1 22 -1 0
1
0.000000000000000 0.000000000000000 1.000000000000000 8.000000000000000 
1.000000000000000 0.000000000000000 0.000000000000000 0.000000000000000 
0.000000000000000 1.000000000000000 0.000000000000000 0.000000000000000 
2  43 1 22 1 2 1 3 1 0
2  43 -1 0
1
1.000000000000000 0.000000000000000 0.000000000000000 -8.000000000000000 
0.000000000000000 1.000000000000000 0.000000000000000 -0.000000000000000 
0.000000000000000 0.000000000000000 1.000000000000000 -0.000000000000000 
2  46 -1 43 -1 0
2  6 1 7 1 8 1 22 -1 43 -1 0
2  6 1 7 1 8 1 22 -1 46 -1 43 -1 0
2  2 -1 8 -1 7 -1 6 -1 0
2  13 1 6 1 7 1 8 1 0
2  13 1 16 1 6 1 7 1 8 1 0
2  43 1 22 1 0
2  8 1 2 1 3 1 4 1 0
2  6 1 7 1 0
2  13 1 6 1 7 1 0
1
-0.866025403784439 0.000000000000000 -0.500000000000000 -10.660254037844387 
-0.500000000000000 -0.000000000000000 0.866025403784439 18.464101615137753 
0.000000000000000 1.000000000000000 0.000000000000000 0.000000000000000 
2  57 1 26 1 27 1 7 1 0
2  26 -1 57 -1 0
1
1.000000000000000 0.000000000000000 0.000000000000000 -8.000000000000000 
0.000000000000000 1.000000000000000 0.000000000000000 13.856406460551019 
0.000000000000000 0.000000000000000 1.000000000000000 0.000000000000002 
2  60 -1 26 -1 57 -1 0
2  6 1 27 -1 26 -1 57 -1 0
2  57 -1 0
2  13 1 16 1 6 1 7 1 0
1
0.866025403784439 0.000000000000000 0.500000000000000 -6.660254037844392 
0.500000000000000 0.000000000000000 -0.866025403784439 11.535898384862261 
-0.000000000000000 1.000000000000000 0.000000000000000 0.000000000000000 
1
1.000000000000000 0.000000000000000 0.000000000000000 0.000000000000000 
0.000000000000000 1.000000000000000 0.000000000000000 0.000000000000000 
0.000000000000000 0.000000000000000 1.000000000000000 0.000000000000000 
2  65 1 66 1 0
2  65 -1 0
1
1.000000000000000 0.000000000000000 0.000000000000000 -1.999999999999999 
0.000000000000000 1.000000000000000 0.000000000000000 3.464101615137755 
0.000000000000000 0.000000000000000 1.000000000000000 -0.000000000000000 
2  69 -1 65 -1 0
2  6 1 7 1 66 -1 65 -1 0
2  27 1 7 1 8 1 2 1 3 1 4 1 0
2  57 1 26 1 27 1 7 1 8 1 2 1 3 1 4 1 0
1
1.000000000000000 0.000000000000000 0.000000000000000 1.000000000000000 
0.000000000000000 1.000000000000000 0.000000000000000 -1.732050807568877 
0.000000000000000 0.000000000000000 1.000000000000000 -0.000000000000000 
1
1.000000000000000 0.000000000000000 0.000000000000000 0.000000000000000 
0.000000000000000 1.000000000000000 0.000000000000000 0.000000000000000 
0.000000000000000 0.000000000000000 1.000000000000000 0.000000000000000 
2  74 1 75 1 4 -1 3 -1 2 -1 8 -1 7 -1 27 -1 0
2  4 -1 3 -1 2 -1 8 -1 7 -1 27 -1 0
2  4 -1 3 -1 2 -1 8 -1 7 -1 0
2  13 1 6 1 7 1 8 1 2 1 3 1 4 1 0
1
-0.866025403784439 0.000000000000000 -0.500000000000000 -10.660254037844387 
-0.500000000000000 -0.000000000000000 0.866025403784439 18.464101615137753 
0.000000000000000 1.000000000000000 0.000000000000000 0.000000000000000 
1
1.000000000000000 0.000000000000000 0.000000000000000 -1.000000000000000 
0.000000000000000 1.000000000000000 0.000000000000000 1.732050807568877 
0.000000000000000 0.000000000000000 1.000000000000000 0.000000000000000 
2  80 1 74 1 81 1 75 1 0
2  74 -1 80 -1 0
2  81 -1 74 -1 80 -1 0
2  6 1 7 1 8 1 2 1 3 1 4 1 75 -1 81 -1 74 -1 80 -1 0
2  75 -1 81 -1 74 -1 80 -1 0
2  13 1 16 1 6 1 7 1 8 1 2 1 3 1 4 1 0
2  80 1 74 1 75 1 0
2  27 1 7 1 8 1 2 1 3 1 4 1 75 -1 74 -1 80 -1 0
2  80 -1 0
2  13 1 6 1 0
2  13 1 16 1 6 1 0
2  66 1 8 1 2 1 3 1 4 1 0
2  65 1 69 1 0
2  80 1 74 1 0
2  6 -1 0
2  69 1 66 1 0
2  65 1 69 1 66 1 0
2  27 1 7 1 0
2  7 -1 27 -1 0
Curve2ds 160
1 0.00000000000000000 -4.24264068711928477 1.00000000000000000 0.00000000000000000 
2 10.00000000000001243 -60.00000000000000000 1.00000000000000000 0.00000000000000000 0.00000000000000000 -1.00000000000000000 5.75000000000000000
1 -31.74633206756465498 -34.85303408215241916 0.00000000000000000 1.00000000000000000 
1 0.00000000000000000 0.00000000000000000 1.00000000000000000 0.00000000000000000 
1 0.00000000000000000 -80.00000000000000000 1.00000000000000000 0.00000000000000000 
1 0.00000000000000000 1.41421356237309515 1.00000000000000000 0.00000000000000000 
1 2.00000000000000000 0.00000000000000000 0.00000000000000000 -1.00000000000000000 
1 20.00000000000000000 0.00000000000000000 0.00000000000000000 -1.00000000000000000 
1 0.00000000000000000 -4.24264068711928477 1.00000000000000000 0.00000000000000000 
2 10.00000000000001243 -20.00000000000000000 1.00000000000000000 0.00000000000000000 0.00000000000000000 -1.00000000000000000 5.75000000000000000
8 -4.24264068711928477 0.00000000000000000
1 6.28318530717958623 0.00000000000000000 0.00000000000000000 1.00000000000000000 
8 -4.24264068711928477 0.00000000000000000
1 0.00000000000000000 0.00000000000000000 0.00000000000000000 1.00000000000000000 
1 0.00000000000000000 0.00000000000000000 1.00000000000000000 0.00000000000000000 
1 0.00000000000000000 -5.00000000000000000 1.00000000000000000 0.00000000000000000 
1 -31.74633206756465498 -34.85303408215241916 1.00000000000000000 0.00000000000000000 
1 0.00000000000000000 1.09838503082045835 0.00000000000000000 1.00000000000000000 
1 -31.52300757121159336 -33.07635857850547723 -0.70710678118654757 0.70710678118654757 
1 -23.74633206756465498 -14.85303408215241916 0.00000000000000000 -1.00000000000000000 
1 0.00000000000000000 0.00000000000000000 1.00000000000000000 0.00000000000000000 
1 0.00000000000000000 -80.00000000000000000 1.00000000000000000 0.00000000000000000 
1 -23.74633206756465498 -14.85303408215241916 1.00000000000000000 0.00000000000000000 
1 -31.74633206756465498 -14.85303408215241916 0.50000000000000000 0.86602540378443871 
1 -3.74633206756465498 -14.85303408215241916 0.00000000000000000 1.00000000000000000 
1 -25.94633206756465782 -4.80713939825293579 0.86602540378443882 0.49999999999999983 
1 0.00000000000000000 0.00000000000000000 1.00000000000000000 0.00000000000000000 
1 0.00000000000000000 -80.00000000000000000 1.00000000000000000 0.00000000000000000 
1 -3.74633206756465498 -3.30602869835990276 0.86602540378443882 0.49999999999999978 
1 -20.92338472561491614 -1.90713939825293721 0.50000000000000044 -0.86602540378443837 
1 18.00000000000000355 -0.00000000000001155 -0.00000000000000011 -1.00000000000000000 
1 -0.00000000000000000 -0.00000000000000615 -0.00000000000000014 -1.00000000000000000 
1 17.05878569895067542 8.70581164465959745 -0.50000000000000000 0.86602540378443871 
1 0.00000000000000000 0.00000000000000000 1.00000000000000000 0.00000000000000000 
1 0.00000000000000000 -80.00000000000000000 1.00000000000000000 0.00000000000000000 
1 -20.02338472561491400 -3.46598512506492540 0.86602540378443871 0.50000000000000000 
1 0.00000000000000000 -1.41421356237309515 1.00000000000000000 0.00000000000000000 
1 2.00000000000000000 0.00000000000000000 0.00000000000000000 -1.00000000000000000 
1 80.00000000000000000 1.09838503082045835 0.00000000000000000 1.00000000000000000 
1 -31.52300757121159336 -33.07635857850547723 -0.70710678118654757 0.70710678118654757 
1 18.00000000000001421 -0.00000000000000888 -0.00000000000000011 -1.00000000000000000 
1 0.00000000000000000 0.00000000000000000 0.00000000000000014 -1.00000000000000000 
1 17.05878569895066832 8.70581164465956903 -0.50000000000000000 0.86602540378443871 
8 -4.24264068711928477 0.00000000000000000
1 6.28318530717958623 0.00000000000000000 0.00000000000000000 1.00000000000000000 
8 -4.24264068711928477 0.00000000000000000
1 0.00000000000000000 0.00000000000000000 0.00000000000000000 1.00000000000000000 
1 0.00000000000000000 0.00000000000000000 1.00000000000000000 0.00000000000000000 
1 0.00000000000000000 -5.00000000000000000 1.00000000000000000 0.00000000000000000 
1 0.00000000000000000 0.00000000000000000 0.00000000000000000 -1.00000000000000000 
1 6.28318530717958623 0.00000000000000000 0.00000000000000000 -1.00000000000000000 
1 0.00000000000000000 0.00000000000000000 1.00000000000000000 0.00000000000000000 
1 0.00000000000000000 -8.00000000000000000 1.00000000000000000 0.00000000000000000 
2 20.00000000000000711 0.00000000000000000 0.00000000000000000 -1.00000000000000000 1.00000000000000000 0.00000000000000000 2.75000000000000000
2 9.99999999999998757 -60.00000000000000000 -1.00000000000000000 -0.00000000000000000 0.00000000000000000 -1.00000000000000000 2.75000000000000000
2 10.00000000000001243 -60.00000000000000000 1.00000000000000000 0.00000000000000000 0.00000000000000000 -1.00000000000000000 2.75000000000000000
1 20.00000000000000000 0.00000000000000000 0.00000000000000000 -1.00000000000000000 
1 0.00000000000000000 0.00000000000000000 0.00000000000000000 -1.00000000000000000 
1 0.00000000000000000 0.00000000000000000 1.00000000000000000 0.00000000000000000 
1 0.00000000000000000 -8.00000000000000000 1.00000000000000000 0.00000000000000000 
2 -19.99999999999999289 0.00000000000000000 0.00000000000000000 -1.00000000000000000 1.00000000000000000 0.00000000000000000 2.75000000000000000
2 9.99999999999998757 -20.00000000000000000 -1.00000000000000000 -0.00000000000000000 0.00000000000000000 -1.00000000000000000 2.75000000000000000
2 10.00000000000001243 -20.00000000000000000 1.00000000000000000 0.00000000000000000 0.00000000000000000 -1.00000000000000000 2.75000000000000000
1 0.00000000000000000 0.00000000000000000 0.00000000000000000 -1.00000000000000000 
1 0.00000000000000000 0.00000000000000000 1.00000000000000000 0.00000000000000000 
1 -0.00000000000000219 -16.00000000000000355 1.00000000000000000 0.00000000000000000 
1 -10.07266580440722414 40.00000000000002132 0.00000000000000000 -1.00000000000000000 
1 24.02368068603898621 0.00000000000000009 0.00000000000000000 -1.00000000000000000 
1 0.00000000000000000 0.00000000000000000 1.00000000000000000 0.00000000000000000 
1 0.00000000000000266 -16.00000000000000355 1.00000000000000000 0.00000000000000000 
1 -10.07266580440722414 32.00000000000002132 1.00000000000000000 0.00000000000000000 
1 24.02368068603898621 -7.99999999999999911 1.00000000000000000 0.00000000000000000 
1 0.00000000000000000 0.00000000000000000 1.00000000000000000 0.00000000000000000 
1 0.00000000000000396 -16.00000000000000355 1.00000000000000000 0.00000000000000000 
1 -10.07266580440724013 -39.99999999999999289 -0.00000000000000000 1.00000000000000000 
1 24.02368068603897200 -80.00000000000001421 -0.00000000000000000 1.00000000000000000 
1 0.00000000000000000 0.00000000000000000 1.00000000000000000 0.00000000000000000 
1 0.00000000000000308 -15.99999999999999645 1.00000000000000000 0.00000000000000000 
1 7.92733419559277674 32.00000000000002132 -0.00000000000000000 1.00000000000000000 
1 42.02368068603898621 -7.99999999999999911 -0.00000000000000000 1.00000000000000000 
1 0.00000000000000000 0.00000000000000000 1.00000000000000000 0.00000000000000000 
1 0.00000000000000266 -16.00000000000000355 1.00000000000000000 0.00000000000000000 
1 -10.07266580440724013 -31.99999999999999289 1.00000000000000000 0.00000000000000000 
1 24.02368068603897200 -72.00000000000001421 1.00000000000000000 0.00000000000000000 
1 0.00000000000000000 0.00000000000000000 1.00000000000000000 0.00000000000000000 
1 -0.00000000000000396 -16.00000000000000355 1.00000000000000000 0.00000000000000000 
1 7.92733419559276609 -31.99999999999999289 0.00000000000000000 -1.00000000000000000 
1 42.02368068603898621 -72.00000000000001421 0.00000000000000000 -1.00000000000000000 
1 54.02368068603895779 0.00000000000000000 0.00000000000000000 -1.00000000000000000 
1 9.80000000000000071 0.00000000000000000 0.00000000000000000 -1.00000000000000000 
1 0.00000000000000000 0.00000000000000000 1.00000000000000000 0.00000000000000000 
1 0.00000000000000000 -4.00000000000000000 1.00000000000000000 0.00000000000000000 
2 0.00000000000000000 -0.00000000000000711 1.00000000000000000 0.00000000000000008 0.00000000000000008 -1.00000000000000000 2.75000000000000755
2 46.02368068603900042 -40.00000000000000711 1.00000000000000000 0.00000000000000008 0.00000000000000008 -1.00000000000000000 2.75000000000000400
1 0.00000000000000000 0.00000000000000000 0.00000000000000000 -1.00000000000000000 
1 0.00000000000000355 -0.00000000000000615 0.00000000000000011 -1.00000000000000000 
1 7.99999999999999911 -0.00000000000000814 -0.00000000000000014 -1.00000000000000000 
8 -8.00000000000000178 -0.00000000000000004
1 38.20000000000003126 0.00000000000000004 0.00000000000000000 1.00000000000000000 
8 -8.00000000000000178 -0.00000000000000004
1 -0.00000000000000194 -7.99999999999999556 -1.00000000000000000 0.00000000000000025 
1 0.00000000000000000 0.00000000000000000 1.00000000000000000 0.00000000000000000 
1 -0.00000000000000050 -2.00000000000000444 1.00000000000000000 0.00000000000000000 
1 -9.00000000000000355 32.00000000000001421 -0.00000000000000000 -1.00000000000000000 
1 38.20000000000007390 -8.00000000000000000 0.00000000000000000 -1.00000000000000000 
8 32.00000000000000000 39.99999999999999289
1 38.20000000000003126 -40.00000000000000711 0.00000000000000000 -1.00000000000000000 
8 32.00000000000000000 39.99999999999999289
1 40.00000000000000711 -7.99999999999999378 -1.00000000000000000 -0.00000000000000025 
1 0.00000000000000000 0.00000000000000000 0.00000000000000011 -1.00000000000000000 
1 8.00000000000000000 0.00000000000000198 0.00000000000000014 -1.00000000000000000 
1 0.00000000000000000 0.00000000000000000 0.00000000000000000 -1.00000000000000000 
1 6.28318530717958623 0.00000000000000000 0.00000000000000000 -1.00000000000000000 
1 0.00000000000000000 -0.00000000000000615 0.00000000000000014 -1.00000000000000000 
1 18.00000000000001066 -0.00000000000000089 0.00000000000000011 -1.00000000000000000 
1 0.00000000000000000 0.00000000000000000 1.00000000000000000 0.00000000000000000 
1 0.00000000000000100 -1.99999999999999822 1.00000000000000000 0.00000000000000000 
1 9.00000000000000888 32.00000000000001421 -1.00000000000000000 -0.00000000000000000 
1 18.00000000000003908 -6.00000000000000355 -1.00000000000000000 0.00000000000000000 
1 -0.00000000000000355 -0.00000000000000615 -0.00000000000000011 -1.00000000000000000 
1 7.99999999999999911 -0.00000000000000417 0.00000000000000014 -1.00000000000000000 
1 32.64724296707058215 17.70581164465959745 -0.50000000000000000 0.86602540378443871 
8 -3.99999999999999956 4.00000000000000178
1 56.20000000000004547 -3.99999999999999956 0.00000000000000000 -1.00000000000000000 
8 -3.99999999999999956 4.00000000000000178
1 4.00000000000000178 -7.99999999999999112 -1.00000000000000000 -0.00000000000000025 
1 0.00000000000000000 0.00000000000000000 -0.00000000000000014 -1.00000000000000000 
1 18.00000000000001421 0.00000000000000888 0.00000000000000011 -1.00000000000000000 
1 0.00000000000000000 0.00000000000000000 1.00000000000000000 0.00000000000000000 
1 0.00000000000000255 -2.00000000000000444 1.00000000000000000 0.00000000000000000 
1 -9.00000000000000533 -32.00000000000002842 1.00000000000000000 0.00000000000000000 
1 0.00000000000004174 -6.00000000000000089 1.00000000000000000 0.00000000000000000 
1 32.11134458220830368 26.63401487493507602 -0.50000000000000144 0.86602540378443782 
1 0.00000000000000000 0.00000000000000000 1.00000000000000000 0.00000000000000000 
1 0.00000000000000000 -80.00000000000000000 1.00000000000000000 0.00000000000000000 
1 31.21134458220830155 28.19286060174705710 0.86602540378443860 0.50000000000000011 
1 0.00000000000000000 0.00000000000000000 1.00000000000000000 0.00000000000000000 
1 0.00000000000000000 -80.00000000000000000 1.00000000000000000 0.00000000000000000 
1 38.13954781248381209 32.19286060174705710 0.50000000000000067 -0.86602540378443837 
1 0.00000000000000000 0.00000000000000000 1.00000000000000000 0.00000000000000000 
1 0.00000000000000000 -80.00000000000000000 1.00000000000000000 0.00000000000000000 
1 0.00000000000000000 0.00000000000000000 -0.00000000000000011 -1.00000000000000000 
1 8.00000000000000000 -0.00000000000000198 -0.00000000000000014 -1.00000000000000000 
1 32.64724296707058215 17.70581164465956903 -0.50000000000000000 0.86602540378443871 
8 -43.99999999999999289 -36.00000000000000000
1 56.20000000000004547 -36.00000000000000711 0.00000000000000000 1.00000000000000000 
8 -43.99999999999999289 -36.00000000000000000
1 -36.00000000000000711 -8.00000000000000533 -1.00000000000000000 0.00000000000000025 
1 7.99999999999999822 0.00000000000000000 0.00000000000000000 -1.00000000000000000 
1 0.00000000000000000 0.00000000000000000 0.00000000000000000 -1.00000000000000000 
1 0.00000000000000000 0.00000000000000000 0.00000000000000000 -1.00000000000000000 
1 6.28318530717958623 0.00000000000000000 0.00000000000000000 -1.00000000000000000 
1 0.00000000000000000 0.00000000000000000 1.00000000000000000 0.00000000000000000 
1 0.00000000000000050 -1.99999999999999800 1.00000000000000000 0.00000000000000000 
1 9.00000000000001421 -32.00000000000002842 0.00000000000000000 1.00000000000000000 
1 60.20000000000001705 0.00000000000000000 0.00000000000000000 -1.00000000000000000 
1 0.00000000000000000 0.00000000000000000 0.00000000000000000 -1.00000000000000000 
2 60.20000000000002416 -40.00000000000000711 -1.00000000000000000 0.00000000000000000 0.00000000000000000 1.00000000000000000 1.80000000000000004
1 6.28318530717958623 -7.99999999999999822 -1.00000000000000000 0.00000000000000000 
1 56.20000000000008100 -72.00000000000004263 -0.00000000000000000 1.00000000000000000 
1 1.79999999999999205 0.00000000000000000 0.00000000000000000 -1.00000000000000000 
1 0.00000000000000000 0.00000000000000000 0.00000000000000000 -1.00000000000000000 
8 -9.97999999999999154 -7.82000000000000206
1 -8.00000000000000000 -38.20000000000000995 -1.00000000000000000 0.00000000000000025 
8 -9.97999999999999154 -7.82000000000000206
1 4.71238898038468079 0.00000000000000140 0.00000000000000000 1.00000000000000000 
2 0.00000000000001941 -40.00000000000000711 -1.00000000000000000 0.00000000000000000 0.00000000000000000 1.00000000000000000 1.80000000000000004
1 6.28318530717958623 -9.79999999999999716 -1.00000000000000000 0.00000000000000000 
8 -9.97999999999999154 -7.82000000000000206
1 -8.00000000000000000 -41.80000000000000426 -1.00000000000000000 0.00000000000000025 
8 -9.97999999999999154 -7.82000000000000206
1 1.57079632679490544 0.00000000000000051 0.00000000000000000 1.00000000000000000 
1 6.28318530717958623 -4.00000000000000266 -1.00000000000000000 0.00000000000000000 
2 -0.00000000000003172 -0.00000000000000711 -1.00000000000000000 0.00000000000000000 0.00000000000000000 1.00000000000000000 1.80000000000000004
1 0.00000000000000000 0.00000000000000000 0.00000000000000000 -1.00000000000000000 
1 6.28318530717958623 0.00000000000000000 0.00000000000000000 -1.00000000000000000 
Curves 69
2 0.00000000000000000 10.00000000000001243 60.00000000000000000 1.00000000000000000 -0.00000000000000000 -0.00000000000000000 0.00000000000000000 1.00000000000000000 0.00000000000000000 0.00000000000000000 -0.00000000000000000 1.00000000000000000 5.75000000000000000
1 0.00000000000000000 0.00000000000000000 0.00000000000000000 0.00000000000000000 1.00000000000000000 0.00000000000000000 
1 0.00000000000000000 2.00000000000000000 0.00000000000000000 0.00000000000000000 0.00000000000000000 1.00000000000000000 
1 0.00000000000000000 20.00000000000000000 0.00000000000000000 0.00000000000000000 0.00000000000000000 1.00000000000000000 
2 0.00000000000000000 10.00000000000001243 20.00000000000000000 1.00000000000000000 -0.00000000000000000 -0.00000000000000000 0.00000000000000000 1.00000000000000000 0.00000000000000000 0.00000000000000000 -0.00000000000000000 1.00000000000000000 5.75000000000000000
1 3.00000000000000000 12.75000000000001243 60.00000000000000000 0.70710678118654757 -0.70710678118654746 -0.00000000000000000 
2 3.00000000000000000 10.00000000000001243 60.00000000000000000 1.00000000000000000 -0.00000000000000000 -0.00000000000000000 0.00000000000000000 1.00000000000000000 0.00000000000000000 0.00000000000000000 -0.00000000000000000 1.00000000000000000 2.75000000000000000
1 0.00000000000000000 0.00000000000000000 0.00000000000000000 1.00000000000000000 0.00000000000000000 0.00000000000000000 
8 -2.51259859319355350 0.31582853155263690
1 0.22332449635305984 1.77667550364694193 0.00000000000000000 -0.70710678118654757 0.70710678118654757 0.00000000000000000 
1 8.00000000000000000 20.00000000000000000 0.00000000000000000 0.00000000000000000 -1.00000000000000000 0.00000000000000000 
1 8.00000000000000000 20.00000000000000000 0.00000000000000000 1.00000000000000000 0.00000000000000000 0.00000000000000000 
1 0.00000000000000000 20.00000000000000000 0.00000000000000000 0.49999999999999994 0.86602540378443860 0.00000000000000000 
1 28.00000000000000000 20.00000000000000000 0.00000000000000000 0.00000000000000000 1.00000000000000000 0.00000000000000000 
1 5.79999999999999627 30.04589468389948337 0.00000000000000000 0.86602540378443871 0.49999999999999978 0.00000000000000000 
1 28.00000000000000000 31.54700538379251640 0.00000000000000000 0.86602540378443882 0.49999999999999978 0.00000000000000000 
1 10.82294734194974062 32.94589468389948195 0.00000000000000000 0.50000000000000044 -0.86602540378443837 0.00000000000000000 
1 48.80511776651533040 43.55884572681201661 -0.00000000000000009 -0.50000000000000000 0.86602540378443871 0.00000000000000011 
1 11.72294734194974097 31.38704895708749376 0.00000000000000000 0.86602540378443860 0.49999999999999994 0.00000000000000000 
1 2.00000000000000000 0.00000000000000000 0.00000000000000000 0.00000000000000000 0.00000000000000000 1.00000000000000000 
8 -2.51259859319355350 0.31582853155263690
1 0.22332449635305984 1.77667550364694193 80.00000000000000000 -0.70710678118654757 0.70710678118654757 0.00000000000000000 
1 5.79999999999999627 30.04589468389948337 0.00000000000000000 0.00000000000000000 0.00000000000000000 1.00000000000000000 
1 48.80511776651532330 43.55884572681198819 80.00000000000001421 -0.50000000000000000 0.86602540378443871 0.00000000000000011 
1 3.00000000000000000 12.75000000000001243 20.00000000000000000 0.70710678118654757 -0.70710678118654746 -0.00000000000000000 
2 3.00000000000000000 10.00000000000001243 20.00000000000000000 1.00000000000000000 -0.00000000000000000 -0.00000000000000000 0.00000000000000000 1.00000000000000000 0.00000000000000000 0.00000000000000000 -0.00000000000000000 1.00000000000000000 2.75000000000000000
1 8.00000000000000000 12.75000000000001243 60.00000000000000000 -1.00000000000000000 -0.00000000000000000 -0.00000000000000000 
2 10.00000000000001243 60.00000000000000000 0.00000000000000000 0.00000000000000000 0.00000000000000000 1.00000000000000000 1.00000000000000000 0.00000000000000000 0.00000000000000000 0.00000000000000000 1.00000000000000000 0.00000000000000000 2.75000000000000000
1 8.00000000000000000 0.00000000000000000 0.00000000000000000 0.00000000000000000 0.00000000000000000 1.00000000000000000 
1 8.00000000000000000 20.00000000000000000 0.00000000000000000 0.00000000000000000 0.00000000000000000 1.00000000000000000 
2 10.00000000000001243 20.00000000000000000 0.00000000000000000 0.00000000000000000 0.00000000000000000 1.00000000000000000 1.00000000000000000 0.00000000000000000 0.00000000000000000 0.00000000000000000 1.00000000000000000 0.00000000000000000 2.75000000000000000
1 28.00000000000000000 20.00000000000000000 0.00000000000000000 0.00000000000000000 0.00000000000000000 1.00000000000000000 
1 28.00000000000000000 31.54700538379251640 0.00000000000000000 0.00000000000000000 0.00000000000000000 1.00000000000000000 
1 10.82294734194974062 32.94589468389948195 0.00000000000000000 0.00000000000000000 0.00000000000000000 1.00000000000000000 
1 -64.04589468389951890 0.00000000000000080 0.00000000000000000 0.00000000000000000 1.00000000000000000 0.00000000000000000 
1 -64.04589468389951890 8.00000000000000000 0.00000000000000000 -1.00000000000000000 0.00000000000000000 0.00000000000000000 
1 -64.04589468389950468 80.00000000000001421 0.00000000000000000 0.00000000000000000 -1.00000000000000000 0.00000000000000000 
1 -82.04589468389951890 8.00000000000000000 0.00000000000000000 0.00000000000000000 -1.00000000000000000 0.00000000000000000 
1 -64.04589468389950468 72.00000000000001421 0.00000000000000000 -1.00000000000000000 0.00000000000000000 0.00000000000000000 
1 -82.04589468389950468 72.00000000000001421 0.00000000000000000 0.00000000000000000 1.00000000000000000 0.00000000000000000 
1 74.78587988004846920 58.55884572681198108 0.00000000000000000 0.00000000000000000 0.00000000000000000 1.00000000000000000 
2 86.04589468389953311 40.00000000000001421 0.00000000000000000 0.00000000000000000 0.00000000000000000 1.00000000000000000 1.00000000000000000 0.00000000000000000 0.00000000000000000 0.00000000000000000 1.00000000000000000 0.00000000000000000 2.75000000000000000
1 11.72294734194974097 31.38704895708749376 0.00000000000000000 0.00000000000000000 0.00000000000000000 1.00000000000000000 
1 48.80511776651533040 43.55884572681201661 7.99999999999999911 -0.50000000000000000 0.86602540378443871 0.00000000000000011 
1 44.80511776651532330 50.48704895708750939 -0.00000000000000004 0.00000000000000000 0.00000000000000000 -1.00000000000000000 
1 -64.04589468389954732 8.00000000000000000 0.00000000000000000 0.00000000000000000 1.00000000000000000 0.00000000000000000 
1 44.80511776651532330 50.48704895708750229 40.00000000000000711 0.00000000000000000 0.00000000000000000 1.00000000000000000 
1 48.80511776651532330 43.55884572681198819 72.00000000000001421 -0.50000000000000000 0.86602540378443871 0.00000000000000011 
1 8.00000000000000000 12.75000000000001243 20.00000000000000000 -1.00000000000000000 -0.00000000000000000 -0.00000000000000000 
1 64.39357503463523358 52.55884572681201661 7.99999999999999911 -0.50000000000000000 0.86602540378443871 0.00000000000000011 
1 -82.04589468389956153 8.00000000000000000 0.00000000000000000 1.00000000000000000 0.00000000000000000 0.00000000000000000 
1 64.39357503463523358 52.55884572681201661 -0.00000000000000004 -0.50000000000000000 0.86602540378443871 0.00000000000000011 
1 60.39357503463523358 59.48704895708750939 3.99999999999999956 0.00000000000000000 0.00000000000000000 1.00000000000000000 
1 64.39357503463523358 52.55884572681198819 72.00000000000001421 -0.50000000000000000 0.86602540378443871 0.00000000000000011 
1 -64.04589468389954732 72.00000000000004263 0.00000000000000000 -1.00000000000000000 0.00000000000000000 0.00000000000000000 
1 63.85767664977295510 61.48704895708749518 0.00000000000000000 -0.50000000000000144 0.86602540378443782 0.00000000000000000 
1 62.95767664977295652 63.04589468389947626 0.00000000000000000 0.86602540378443860 0.50000000000000011 0.00000000000000000 
1 69.88587988004846352 67.04589468389947626 0.00000000000000000 0.50000000000000067 -0.86602540378443837 0.00000000000000000 
1 64.39357503463523358 52.55884572681198819 80.00000000000001421 -0.50000000000000000 0.86602540378443871 0.00000000000000011 
1 60.39357503463522647 59.48704895708750939 36.00000000000000711 0.00000000000000000 0.00000000000000000 -1.00000000000000000 
1 69.88587988004846352 67.04589468389947626 0.00000000000000000 0.00000000000000000 0.00000000000000000 1.00000000000000000 
1 70.23924651018019460 55.93384572681200950 40.00000000000000711 -0.49999999999999967 0.86602540378443882 -0.00000000000000010 
1 -82.04589468389956153 72.00000000000004263 0.00000000000000000 0.00000000000000000 -1.00000000000000000 0.00000000000000000 
1 63.85767664977295510 61.48704895708749518 0.00000000000000000 0.00000000000000000 0.00000000000000000 1.00000000000000000 
2 63.85767664977296931 61.48704895708750229 40.00000000000000711 0.50000000000000011 -0.86602540378443871 -0.00000000000000025 -0.86602540378443871 -0.50000000000000011 -0.00000000000000000 -0.00000000000000012 0.00000000000000021 -1.00000000000000000 1.80000000000000004
1 62.95767664977295652 63.04589468389947626 0.00000000000000000 0.00000000000000000 0.00000000000000000 1.00000000000000000 
1 67.85767664977298352 54.55884572681200240 38.20000000000000995 0.50000000000000011 -0.86602540378443871 -0.00000000000000025 
2 62.95767664977297073 63.04589468389949047 40.00000000000000711 0.50000000000000011 -0.86602540378443871 -0.00000000000000025 -0.86602540378443871 -0.50000000000000011 -0.00000000000000000 -0.00000000000000012 0.00000000000000021 -1.00000000000000000 1.80000000000000004
1 67.85767664977298352 54.55884572681200240 41.80000000000000426 0.50000000000000011 -0.86602540378443871 -0.00000000000000025 
2 65.85767664977296931 58.02294734194975234 40.00000000000000711 0.50000000000000011 -0.86602540378443871 -0.00000000000000025 -0.86602540378443871 -0.50000000000000011 -0.00000000000000000 -0.00000000000000012 0.00000000000000021 -1.00000000000000000 1.80000000000000004
1 66.29883092296097402 53.65884572681199671 40.00000000000000711 -0.50000000000000000 0.86602540378443871 0.00000000000000011 
Polygon3D 0
PolygonOnTriangulations 0
Surfaces 39
1 0.00000000000000000 0.00000000000000000 0.00000000000000000 -1.00000000000000000 0.00000000000000000 0.00000000000000000 0.00000000000000000 1.00000000000000000 0.00000000000000000 0.00000000000000000 0.00000000000000000 -1.00000000000000000 
3 3.00000000000000000 10.00000000000001243 60.00000000000000000 1.00000000000000000 -0.00000000000000000 -0.00000000000000000 0.00000000000000000 1.00000000000000000 0.00000000000000000 -0.00000000000000000 -0.00000000000000000 1.00000000000000000 2.75000000000000000
-0.78539816339744828
1 31.74633206756465498 34.85303408215241916 0.00000000000000000 0.00000000000000000 0.00000000000000000 1.00000000000000000 1.00000000000000000 0.00000000000000000 -0.00000000000000000 -0.00000000000000000 1.00000000000000000 0.00000000000000000 
1 1.00000000000000000 1.00000000000000000 0.00000000000000000 0.70710678118654746 0.70710678118654746 0.00000000000000000 0.00000000000000000 -0.00000000000000000 1.00000000000000000 -0.70710678118654757 0.70710678118654757 0.00000000000000000 
3 3.00000000000000000 10.00000000000001243 20.00000000000000000 1.00000000000000000 -0.00000000000000000 -0.00000000000000000 0.00000000000000000 1.00000000000000000 0.00000000000000000 -0.00000000000000000 -0.00000000000000000 1.00000000000000000 2.75000000000000000
-0.78539816339744828
2 8.00000000000000000 10.00000000000001243 60.00000000000000000 1.00000000000000000 0.00000000000000000 0.00000000000000000 0.00000000000000000 1.00000000000000000 0.00000000000000000 0.00000000000000000 0.00000000000000000 1.00000000000000000 2.75000000000000000
1 8.00000000000000000 20.00000000000000000 0.00000000000000000 1.00000000000000000 0.00000000000000000 -0.00000000000000000 0.00000000000000000 -1.00000000000000000 0.00000000000000000 0.00000000000000000 -0.00000000000000000 -1.00000000000000000 
1 28.00000000000000000 31.54700538379251640 0.00000000000000000 -0.49999999999999978 0.86602540378443882 0.00000000000000000 0.86602540378443882 0.49999999999999978 0.00000000000000000 0.00000000000000000 0.00000000000000000 -1.00000000000000000 
1 64.39357503463523358 52.55884572681200950 -0.00000000000000009 0.00000000000000006 -0.00000000000000010 1.00000000000000000 -0.86602540378443871 -0.50000000000000011 0.00000000000000000 0.50000000000000011 -0.86602540378443871 -0.00000000000000011 
1 48.80511776651533040 43.55884572681200950 -0.00000000000000009 0.86602540378443871 0.50000000000000000 0.00000000000000000 0.00000000000000012 -0.00000000000000021 1.00000000000000000 0.50000000000000000 -0.86602540378443871 -0.00000000000000025 
1 11.72294734194974097 31.38704895708749376 0.00000000000000000 -0.50000000000000000 0.86602540378443871 0.00000000000000000 0.86602540378443871 0.50000000000000000 0.00000000000000000 0.00000000000000000 0.00000000000000000 -1.00000000000000000 
1 0.00000000000000000 0.00000000000000000 0.00000000000000000 0.00000000000000000 1.00000000000000000 0.00000000000000000 1.00000000000000000 0.00000000000000000 0.00000000000000000 0.00000000000000000 0.00000000000000000 -1.00000000000000000 
1 0.00000000000000000 20.00000000000000000 0.00000000000000000 -0.86602540378443871 0.50000000000000000 0.00000000000000000 0.50000000000000000 0.86602540378443871 0.00000000000000000 0.00000000000000000 0.00000000000000000 -1.00000000000000000 
1 64.39357503463523358 52.55884572681198819 80.00000000000001421 0.00000000000000006 -0.00000000000000010 1.00000000000000000 -0.86602540378443871 -0.50000000000000011 0.00000000000000000 0.50000000000000011 -0.86602540378443871 -0.00000000000000011 
1 48.80511776651532330 43.55884572681198819 80.00000000000001421 -0.86602540378443871 -0.50000000000000000 0.00000000000000000 -0.00000000000000012 0.00000000000000021 -1.00000000000000000 0.50000000000000000 -0.86602540378443871 -0.00000000000000025 
2 8.00000000000000000 10.00000000000001243 20.00000000000000000 1.00000000000000000 0.00000000000000000 0.00000000000000000 0.00000000000000000 1.00000000000000000 0.00000000000000000 0.00000000000000000 0.00000000000000000 1.00000000000000000 2.75000000000000000
1 8.00000000000000000 10.00000000000001243 39.99999999999999289 1.00000000000000000 0.00000000000000000 0.00000000000000000 -0.00000000000000000 0.00000000000000000 1.00000000000000000 0.00000000000000000 -1.00000000000000000 0.00000000000000000 
1 8.00000000000000000 10.00000000000001243 39.99999999999999289 1.00000000000000000 0.00000000000000000 0.00000000000000000 -0.00000000000000000 0.00000000000000000 1.00000000000000000 0.00000000000000000 -1.00000000000000000 0.00000000000000000 
1 8.00000000000000000 20.00000000000000000 0.00000000000000000 0.00000000000000000 1.00000000000000000 0.00000000000000000 1.00000000000000000 0.00000000000000000 0.00000000000000000 0.00000000000000000 0.00000000000000000 -1.00000000000000000 
1 28.00000000000000000 20.00000000000000000 0.00000000000000000 -1.00000000000000000 0.00000000000000000 0.00000000000000000 0.00000000000000000 1.00000000000000000 0.00000000000000000 0.00000000000000000 0.00000000000000000 -1.00000000000000000 
1 5.79999999999999627 30.04589468389948337 0.00000000000000000 -0.49999999999999983 0.86602540378443882 0.00000000000000000 0.86602540378443882 0.49999999999999983 0.00000000000000000 0.00000000000000000 0.00000000000000000 -1.00000000000000000 
1 57.52830223696280143 48.59517862901562779 40.00000000000002132 -0.49999999999999972 0.86602540378443882 0.00000000000000023 0.86602540378443882 0.49999999999999972 0.00000000000000000 -0.00000000000000011 0.00000000000000020 -1.00000000000000000 
1 48.80511776651533040 43.55884572681200950 7.99999999999999911 -0.00000000000000006 0.00000000000000010 -1.00000000000000000 0.86602540378443871 0.50000000000000011 0.00000000000000000 0.50000000000000011 -0.86602540378443871 -0.00000000000000011 
1 57.52830223696280143 48.59517862901562779 40.00000000000002132 -0.49999999999999972 0.86602540378443882 0.00000000000000023 0.86602540378443882 0.49999999999999972 0.00000000000000000 -0.00000000000000011 0.00000000000000020 -1.00000000000000000 
1 64.39357503463523358 52.55884572681200950 7.99999999999999911 -0.86602540378443871 -0.50000000000000000 0.00000000000000000 -0.00000000000000012 0.00000000000000021 -1.00000000000000000 0.50000000000000000 -0.86602540378443871 -0.00000000000000025 
1 48.80511776651532330 43.55884572681198819 72.00000000000001421 -0.00000000000000006 0.00000000000000010 -1.00000000000000000 0.86602540378443871 0.50000000000000011 0.00000000000000000 0.50000000000000011 -0.86602540378443871 -0.00000000000000011 
1 64.39357503463523358 52.55884572681198819 72.00000000000001421 0.86602540378443871 0.50000000000000000 0.00000000000000000 0.00000000000000012 -0.00000000000000021 1.00000000000000000 0.50000000000000000 -0.86602540378443871 -0.00000000000000025 
1 69.88587988004846352 67.04589468389947626 0.00000000000000000 0.86602540378443837 0.50000000000000067 -0.00000000000000000 0.50000000000000067 -0.86602540378443837 0.00000000000000000 0.00000000000000000 -0.00000000000000000 -1.00000000000000000 
2 67.85767664977299773 54.55884572681200950 40.00000000000000711 0.49999999999999967 -0.86602540378443882 0.00000000000000010 0.86602540378443882 0.49999999999999967 -0.00000000000000008 0.00000000000000002 0.00000000000000012 1.00000000000000000 2.75000000000000000
1 67.85767664977299773 54.55884572681200950 40.00000000000000000 -0.50000000000000089 0.86602540378443826 0.00000000000000000 0.86602540378443826 0.50000000000000089 0.00000000000000000 -0.00000000000000000 0.00000000000000000 -1.00000000000000000 
